100000887
100001498
100000675
100001485
100001366
100000781
100000765
100000002
100001195
100001150
100000701
100001348
100001008
100001031
100001088
100000717
100001504
100001231
100001397
100001165
100001285
100000986
100000665
100001197
100000754
100000979
100000730
100001210
100001007
100001358
100001350
100001474
100001351
100001357
100000784
100001497
100001183
100000649
100001136
100000861
100001493
100000880
100001557
100000940
100001319
100000888
100001460
100000741
100001630
100000813
100001501
100000878
100000906
100000988
100001398
100001547
100000818
100001081
100001021
100001518
100001324
100000960
100001225
100000897
100001173
100001390
100001310
100000810
100001355
100000822
100001593
100000932
100001401
100001670
100001655
100001335
100000750
100001038
100001415
100001408
100001668
100000860
100000667
100001514
100001224
100001292
100000883
100001069
100001200
100000966
100000787
100000632
100000755
100000917
100001438
100001199
100001353
100001201
100001317
100001259
100001003
100001023
100000734
100001523
100001002
100000726
100000684
100000903
100001024
100001631
100000915
100000852
100000905
100001657
100000670
100001522
100001403
100001214
100000879
100001028
100000780
100000775
100001289
100000853
100000011
100000703
100001114
100001598
100001223
100000007
100001318
100001587
100001617
100001661
100001264
100000961
100001030
100001283
100000955
100000930
100001300
100001648
100001612
100000823
100001625
100001243
100000637
100000974
100000764
100001637
100000629
100001680
100001095
100001122
100000008
100000896
100000704
100001062
100001466
100001191
100000941
100001019
100001190
100000838
100000806
100001098
100001298
100001653
100001250
100000869
100000636
100001121
100001360
100000699
100001559
100000714
100000982
100000796
100001556
100001341
100001489
100000847
100001524
100001600
100001536
